	 SubG 	                          Name 	          RA 	        DEC 	    Mass 	  VMag 	 e_VMag 	 E_VMag 	   R2 	 e_R2 	 E_R2 	 sigma* 	 e_sigma* 	 E_sigma* 	  Mdyn 	 Mdyn2 	 e_Mdyn2 	 E_Mdyn2 	      LV 	    e_LV 	    E_LV 	     ML 	    e_ML 	    E_ML 	   Mtot 	 e_Mtot 	 E_Mtot 	 SoloCrossmatch 	
	  M31 	                   Andromeda I 	 00h45m39.8s 	 +38d02m28s 	     3.9 	 -11.7 	    0.1 	    0.1 	  672 	   69 	   69 	   10.6 	      1.1 	      1.1 	  44.0 	  44.0 	    10.0 	    10.0 	    4.09 	    0.38 	    0.38 	   21.4 	     5.3 	     5.3 	   88.0 	   20.0 	   20.0 	           True 	
	  M31 	                  Andromeda II 	 01h16m29.8s 	 +33d25m09s 	     7.6 	 -12.4 	    0.2 	    0.2 	 1176 	   50 	   50 	    7.3 	      0.8 	      0.8 	  36.0 	  36.3 	     8.1 	     8.1 	     7.8 	     1.4 	     1.4 	    9.3 	     2.7 	     2.7 	   73.0 	   16.0 	   16.0 	           True 	
	  M31 	                 Andromeda III 	 00h35m33.8s 	 +36d29m52s 	    0.83 	 -10.0 	    0.3 	    0.3 	  479 	   46 	   46 	    4.7 	      1.8 	      1.8 	   6.1 	   6.1 	     4.7 	     4.7 	    0.86 	    0.24 	    0.24 	   14.0 	    12.0 	    12.0 	   12.3 	    9.5 	    9.5 	           True 	
	  M31 	                  Andromeda IX 	   00h52m53s 	 +43d11m45s 	    0.15 	  -8.1 	    1.1 	    1.1 	  557 	   29 	   29 	    4.5 	      3.6 	      3.6 	   6.5 	   7.0 	    10.0 	    10.0 	    0.15 	    0.15 	    0.15 	   90.0 	   170.0 	   170.0 	   13.0 	   21.0 	   21.0 	          False 	
	  M31 	                 Andromeda VII 	 23h26m31.7s 	 +50d40m33s 	     9.5 	 -12.6 	    0.3 	    0.3 	  776 	   42 	   42 	    9.7 	      1.6 	      1.6 	  42.0 	  42.0 	    14.0 	    14.0 	     9.4 	     2.6 	     2.6 	    9.0 	     3.9 	     3.9 	   85.0 	   28.0 	   28.0 	           True 	
	  M31 	                   Andromeda X 	 01h06m33.7s 	 +44d48m16s 	   0.096 	  -7.6 	    1.0 	    1.0 	  265 	   33 	   33 	    3.9 	      1.2 	      1.2 	   2.3 	   2.3 	     1.5 	     1.5 	   0.094 	   0.086 	   0.086 	   50.0 	    56.0 	    56.0 	    4.7 	    2.9 	    2.9 	          False 	
	  M31 	                  Andromeda XI 	   00h46m20s 	 +33d48m05s 	   0.049 	  -6.9 	    1.3 	    1.3 	  157 	   37 	   16 	    4.6 	          	          	   1.9 	   1.9 	     1.1 	    0.98 	   0.049 	   0.059 	   0.059 	   80.0 	   100.0 	   100.0 	    3.9 	    2.1 	    2.0 	          False 	
	  M31 	                 Andromeda XII 	   00h47m27s 	 +34d22m29s 	   0.031 	  -6.4 	    1.2 	    1.2 	  304 	   66 	   66 	    2.6 	      2.6 	      5.1 	   1.2 	   1.2 	     2.4 	     4.7 	   0.031 	   0.034 	   0.034 	   80.0 	   180.0 	   310.0 	    2.4 	    4.8 	    9.4 	          False 	
	  M31 	                Andromeda XIII 	   00h51m51s 	 +33d00m16s 	   0.041 	  -6.7 	    1.3 	    1.3 	  207 	   44 	   23 	    9.7 	      4.5 	      8.9 	  11.0 	  11.0 	    11.0 	    21.0 	   0.041 	   0.049 	   0.049 	  550.0 	   840.0 	  1200.0 	   23.0 	   22.0 	   42.0 	          False 	
	  M31 	                 Andromeda XIV 	   00h51m35s 	 +29d41m49s 	     0.2 	  -8.4 	    0.6 	    0.6 	  363 	  180 	  180 	    5.4 	      1.3 	      1.3 	   6.1 	   6.1 	     4.2 	     4.2 	     0.2 	    0.11 	    0.11 	   63.0 	    55.0 	    55.0 	   12.3 	    8.5 	    8.5 	           True 	
	  M31 	                  Andromeda XV 	 01h14m18.7s 	 +38d07m03s 	    0.49 	  -9.4 	    0.4 	    0.4 	  222 	   22 	   22 	   11.0 	      5.0 	      7.0 	  16.0 	  16.0 	    14.0 	    20.0 	    0.49 	    0.18 	    0.18 	   63.0 	    62.0 	    84.0 	   31.0 	   28.0 	   40.0 	           True 	
	  M31 	                 Andromeda XVI 	 00h59m29.8s 	 +32d22m36s 	    0.41 	  -9.2 	    0.4 	    0.4 	  136 	   15 	   15 	   10.0 	          	          	   7.9 	   7.9 	     4.0 	     4.0 	    0.41 	    0.15 	    0.15 	   39.0 	    24.0 	    24.0 	   15.8 	    8.1 	    8.1 	           True 	
	   MW 	                    Bootes (I) 	   14h00m06s 	 +14d30m00s 	   0.029 	  -6.3 	    0.2 	    0.2 	  242 	   21 	   21 	    2.4 	      0.5 	      0.9 	  0.81 	  0.81 	    0.34 	    0.61 	  0.0283 	  0.0052 	  0.0052 	   57.0 	    26.0 	    44.0 	   1.62 	   0.69 	    1.2 	          False 	
	   MW 	                     Bootes II 	   13h58m00s 	 +12d51m00s 	   0.001 	  -2.7 	    0.9 	    0.9 	   51 	   17 	   17 	   10.5 	      7.4 	      7.4 	   3.3 	   3.3 	     4.7 	     4.7 	 0.00103 	 0.00085 	 0.00085 	 6000.0 	 11000.0 	 11000.0 	    6.5 	    9.4 	    9.4 	          False 	
	   MW 	            Canes Venatici (I) 	 13h28m03.5s 	 +33d33m21s 	    0.23 	  -8.6 	    0.2 	    0.2 	  564 	   36 	   36 	    7.6 	      0.4 	      0.4 	  19.0 	  18.9 	     2.3 	     2.3 	   0.236 	   0.043 	   0.043 	  160.0 	    36.0 	    36.0 	   37.8 	    4.7 	    4.7 	          False 	
	   MW 	             Canes Venatici II 	   12h57m10s 	 +34d19m15s 	  0.0079 	  -4.9 	    0.5 	    0.5 	   74 	   14 	   14 	    4.6 	      1.0 	      1.0 	  0.91 	  0.91 	    0.43 	    0.43 	  0.0078 	  0.0036 	  0.0036 	  230.0 	   150.0 	   150.0 	   1.82 	   0.86 	   0.86 	          False 	
	   MW 	                        Carina 	 06h41m36.7s 	 -50d57m58s 	    0.38 	  -9.1 	    0.5 	    0.5 	  250 	   39 	   39 	    6.6 	      1.2 	      1.2 	   6.3 	   6.3 	     2.5 	     2.5 	    0.37 	    0.17 	    0.17 	   34.0 	    21.0 	    21.0 	   12.6 	    5.0 	    5.0 	           True 	
	  ISO 	                         Cetus 	   00h26m11s 	 -11d02m40s 	     2.6 	 -11.2 	    0.2 	    0.2 	  703 	   31 	   31 	   17.0 	      2.0 	      2.0 	 120.0 	 118.0 	    28.0 	    28.0 	    2.58 	    0.48 	    0.48 	   91.0 	    28.0 	    28.0 	  236.0 	   56.0 	   56.0 	           True 	
	   MW 	                Coma Berenices 	   12h26m59s 	 +23d54m15s 	  0.0037 	  -4.1 	    0.5 	    0.5 	   77 	   10 	   10 	    4.6 	      0.8 	      0.8 	  0.94 	  0.95 	    0.35 	    0.35 	  0.0037 	  0.0017 	  0.0017 	  510.0 	   300.0 	   300.0 	   1.89 	    0.7 	    0.7 	          False 	
	   MW 	                         Draco 	 17h20m12.4s 	 +57d54m55s 	    0.29 	  -8.8 	    0.3 	    0.3 	  221 	   19 	   19 	    9.1 	      1.2 	      1.2 	  11.0 	  10.6 	     2.9 	     2.9 	   0.283 	   0.078 	   0.078 	   75.0 	    29.0 	    29.0 	   21.2 	    5.9 	    5.9 	           True 	
	   MW 	                        Fornax 	 02h39m59.3s 	 -34d26m57s 	    20.0 	 -13.4 	    0.3 	    0.3 	  710 	   77 	   77 	   11.7 	      0.9 	      0.9 	  56.0 	  56.0 	    11.0 	    11.0 	    19.6 	     5.4 	     5.4 	    5.8 	     1.9 	     1.9 	  113.0 	   21.0 	   21.0 	           True 	
	   MW 	                      Hercules 	   16h31m02s 	 +12d47m30s 	   0.037 	  -6.6 	    0.4 	    0.4 	  330 	   52 	   75 	    3.7 	      0.9 	      0.9 	   2.6 	   2.6 	     1.3 	     1.4 	   0.037 	   0.014 	   0.014 	  140.0 	    88.0 	    91.0 	    5.2 	    2.7 	    2.8 	          False 	
	  M31 	 LGS 3 (Local Group Suspect 3) 	   01h03m55s 	 +21d53m06s 	    0.96 	 -10.1 	    0.1 	    0.1 	  470 	   47 	   47 	    7.9 	      2.9 	      5.3 	  17.0 	  17.0 	    13.0 	    23.0 	   0.938 	   0.086 	   0.086 	   36.0 	    27.0 	    49.0 	   34.0 	   25.0 	   46.0 	           True 	
	  ISO 	                         Leo A 	 09h59m26.5s 	 +30d44m47s 	     6.0 	 -12.1 	    0.2 	    0.2 	  499 	      	      	    9.3 	      1.3 	      1.3 	  25.0 	  25.0 	     9.4 	     9.4 	     5.9 	     1.1 	     1.1 	    8.5 	     3.5 	     3.5 	   50.0 	   19.0 	   19.0 	           True 	
	   MW 	                         Leo I 	 10h08m28.1s 	 +12d18m23s 	     5.5 	 -12.0 	    0.3 	    0.3 	  251 	   27 	   27 	    9.2 	      1.4 	      1.4 	  12.0 	  12.3 	     4.0 	     4.0 	     5.4 	     1.5 	     1.5 	    4.6 	     1.9 	     1.9 	   24.6 	    8.0 	    8.0 	           True 	
	   MW 	                        Leo II 	 11h13m28.8s 	 +22d09m06s 	    0.74 	  -9.8 	    0.3 	    0.3 	  176 	   42 	   42 	    6.6 	      0.7 	      0.7 	   4.6 	   4.4 	     1.4 	     1.4 	    0.71 	     0.2 	     0.2 	   12.5 	     5.3 	     5.3 	    8.9 	    2.8 	    2.8 	           True 	
	   MW 	                        Leo IV 	   11h32m57s 	 -00d32m00s 	   0.019 	  -5.8 	    0.4 	    0.4 	  206 	   37 	   37 	    3.3 	      1.7 	      1.7 	   1.3 	   1.3 	     1.4 	     1.4 	  0.0179 	  0.0066 	  0.0066 	  150.0 	   160.0 	   160.0 	    2.6 	    2.7 	    2.7 	          False 	
	  ISO 	                         Leo T 	 09h34m53.4s 	 +17d03m05s 	    0.14 	  -8.0 	    0.5 	    0.5 	  120 	    9 	    9 	    7.5 	      1.6 	      1.6 	   3.9 	   3.9 	     1.7 	     1.7 	   0.136 	   0.062 	   0.062 	   58.0 	    37.0 	    37.0 	    7.8 	    3.4 	    3.4 	           True 	
	   MW 	                         Leo V 	 11h31m09.6s 	 +02d13m12s 	   0.011 	  -5.2 	    0.4 	    0.4 	  135 	   32 	   32 	    3.7 	      1.4 	      2.3 	   1.1 	  1.07 	    0.85 	     1.4 	  0.0103 	  0.0038 	  0.0038 	  210.0 	   180.0 	   270.0 	    2.1 	    1.7 	    2.7 	          False 	
	  M31 	                           M32 	 00h42m41.8s 	 +40d51m55s 	   320.0 	 -16.4 	    0.2 	    0.2 	  110 	   16 	   16 	   92.0 	      5.0 	      5.0 	 540.0 	 540.0 	    98.0 	    98.0 	   310.0 	    57.0 	    57.0 	   3.48 	     0.9 	     0.9 	 1080.0 	  200.0 	  200.0 	           True 	
	  M31 	                       NGC 147 	 00h33m12.1s 	 +48d30m32s 	    62.0 	 -14.6 	    0.1 	    0.1 	  623 	      	      	   16.0 	      1.0 	      1.0 	  93.0 	  93.0 	    26.0 	    26.0 	    59.2 	     5.4 	     5.4 	   3.13 	    0.92 	    0.92 	  185.0 	   52.0 	   52.0 	           True 	
	  M31 	                       NGC 185 	   00h38m58s 	 +48d20m15s 	    68.0 	 -14.8 	    0.1 	    0.1 	  458 	      	      	   24.0 	      1.0 	      1.0 	 150.0 	 153.0 	    40.0 	    40.0 	    71.1 	     6.6 	     6.6 	    4.3 	     1.2 	     1.2 	  306.0 	   81.0 	   81.0 	           True 	
	  M31 	                       NGC 205 	 00h40m22.1s 	 +41d41m07s 	   330.0 	 -16.5 	    0.1 	    0.1 	  590 	   31 	   31 	   35.0 	      5.0 	      5.0 	 420.0 	 420.0 	   120.0 	   120.0 	   340.0 	    31.0 	    31.0 	   2.46 	    0.75 	    0.75 	  840.0 	  240.0 	  240.0 	           True 	
	   MW 	              Sagittarius dSph 	 18h55m19.5s 	 -30d32m43s 	    21.0 	 -13.5 	    0.3 	    0.3 	 2587 	  219 	  219 	   11.4 	      0.7 	      0.7 	 190.0 	 195.0 	    29.0 	    29.0 	    21.5 	     5.9 	     5.9 	   18.2 	     5.7 	     5.7 	  390.0 	   58.0 	   58.0 	           True 	
	   MW 	                      Sculptor 	 01h00m09.4s 	 -33d42m33s 	     2.3 	 -11.1 	    0.5 	    0.5 	  283 	   45 	   45 	    9.2 	      1.4 	      1.4 	  14.0 	  13.9 	     4.8 	     4.8 	     2.4 	     1.1 	     1.1 	   11.8 	     6.8 	     6.8 	   27.8 	    9.5 	    9.5 	           True 	
	   MW 	                     Segue (I) 	   10h07m04s 	 +16d04m55s 	 0.00034 	  -1.5 	    0.8 	    0.8 	   29 	    5 	    8 	    3.9 	      0.8 	      0.8 	  0.26 	  0.26 	    0.11 	    0.13 	 0.00034 	 0.00025 	 0.00025 	 1500.0 	  1300.0 	  1300.0 	   0.51 	   0.23 	   0.25 	          False 	
	   MW 	                      Segue II 	   02h19m16s 	 +20d10m31s 	 0.00086 	  -2.5 	    0.3 	    0.3 	   35 	    3 	    3 	    3.4 	      1.2 	      2.5 	  0.23 	  0.23 	    0.17 	    0.35 	 0.00086 	 0.00024 	 0.00024 	  550.0 	   420.0 	   820.0 	   0.47 	   0.33 	   0.69 	          False 	
	   MW 	                   Sextans (I) 	   10h13m03s 	 -01d36m53s 	    0.44 	  -9.3 	    0.5 	    0.5 	  695 	   44 	   44 	    7.9 	      1.3 	      1.3 	  25.0 	  25.2 	     8.4 	     8.4 	    0.45 	    0.21 	    0.21 	  112.0 	    64.0 	    64.0 	   50.0 	   17.0 	   17.0 	          False 	
	  ISO 	                        Tucana 	 22h41m49.6s 	 -64d25m10s 	    0.56 	  -9.5 	    0.2 	    0.2 	  284 	   54 	   54 	   15.8 	      3.1 	      4.1 	  41.0 	  41.0 	    18.0 	    23.0 	    0.54 	   0.099 	   0.099 	  152.0 	    72.0 	    89.0 	   82.0 	   36.0 	   45.0 	           True 	
	   MW 	                Ursa Major (I) 	 10h34m52.8s 	 +51d55m12s 	   0.014 	  -5.5 	    0.3 	    0.3 	  319 	   50 	   50 	    7.6 	      1.0 	      1.0 	  11.0 	  10.7 	     3.3 	     3.3 	  0.0136 	  0.0037 	  0.0037 	 1580.0 	   650.0 	   650.0 	   21.4 	    6.5 	    6.5 	          False 	
	   MW 	                 Ursa Major II 	   08h51m30s 	 +63d07m48s 	  0.0041 	  -4.2 	    0.6 	    0.6 	  149 	   21 	   21 	    6.7 	      1.4 	      1.4 	   3.9 	   3.9 	     1.7 	     1.7 	  0.0041 	  0.0023 	  0.0023 	 1900.0 	  1300.0 	  1300.0 	    7.8 	    3.4 	    3.4 	          False 	
	   MW 	                    Ursa Minor 	 15h09m08.5s 	 +67d13m21s 	    0.29 	  -8.8 	    0.5 	    0.5 	  181 	   27 	   27 	    9.5 	      1.2 	      1.2 	   9.5 	   9.5 	     2.8 	     2.8 	    0.28 	    0.13 	    0.13 	   67.0 	    37.0 	    37.0 	   18.9 	    5.6 	    5.6 	           True 	
	  ISO 	   WLM (Wolf-Lundmark-Melotte) 	 00h01m58.2s 	 -15d27m39s 	    43.0 	 -14.2 	    0.1 	    0.1 	 2111 	      	      	   17.5 	      2.0 	      2.0 	 380.0 	 370.0 	   130.0 	   130.0 	    40.9 	     3.8 	     3.8 	   18.3 	     6.4 	     6.4 	  750.0 	  250.0 	  250.0 	           True 	
	   MW 	                     Willman 1 	   10h49m21s 	 +51d03m00s 	   0.001 	  -2.7 	    0.8 	    0.8 	   25 	    6 	    6 	    4.3 	      1.3 	      2.3 	  0.27 	  0.27 	    0.17 	    0.29 	 0.00103 	 0.00076 	 0.00076 	  520.0 	   510.0 	   690.0 	   0.54 	   0.35 	   0.59 	          False 	
